 87.60537687 
 78.24335285 
 56.50454103 
106.79891267 
 82.76345349 
104.92534683 
141.66843869 
209.84806143 
145.35327079 
336.51725409 
 51.82962452 
135.03498909 
 80.73254437 
119.86316973 
163.21059671 
190.21055372 
 62.49270037 
309.90883599 
108.00170715 
236.79760580 
 85.57623612 
159.84114124 
199.61378439 
253.46645879 
102.92753676 
218.93076329 
162.66961214 
386.83812489 
 90.61704366 
161.30887520 
155.34099014 
 62.57671239 
249.56183587 
151.89381876 
 42.40222438 
340.36953662 
119.56697571 
187.44407639 
 44.02599866 
149.38329179 
 96.58970140 
 86.30566980 
252.82173616 
388.70384113 
105.21241526 
 98.46866250 
 88.90759408 
 64.54548142 
 88.91832618 
244.32882910 
298.98785271 
128.30998639 
255.91904104 
168.48241355 
231.36563385 
137.29844575 
182.52528457 
 63.56185659 
659.51049624 
154.65523029 
 99.11681686 
111.28345482 
 41.37464319 
182.89476949 
113.95050747 
156.55599919 
464.09050345 
 74.34236640 
165.14765232 
463.41110542 
528.44635596 
 92.57987997 
100.25090650 
437.95489925 
 51.49275075 
384.33071550 
398.44743578 
 79.36831059 
325.43443283 
130.82604236 
112.08910790 
123.90548924 
126.59774914 
357.40076065 
230.19518531 
 50.53070197 
160.95883672 
185.33974506 
257.42485068 
178.70638323 
 51.91595206 
180.17048874 
276.47355804 
 80.28201276 
260.46815612 
111.66964232 
 77.90311741 
 72.71773119 
122.52039024 
286.22251128 
308.25450300 
133.80350042 
102.27758173 
225.20133398 
132.07981574 
226.10412666 
 94.67991589 
 87.83833893 
292.32425075 
203.06004242 
147.93331155 
 98.78175358 
191.86442316 
118.95941850 
140.73251854 
349.30086656 
304.18730721 
 51.34698858 
298.89547922 
 93.20381690 
426.50121846 
521.42035775 
 71.86687311 
 80.52671752 
 58.51175370 
118.25243419 
338.48311754 
132.46804503 
 72.28026468 
 79.10244134 
128.21944019 
123.64721615 
219.15322120 
 59.59477136 
 96.35624386 
157.46203334 
 84.20599892 
325.00432483 
144.01725526 
 71.53263835 
193.68859969 
307.36195923 
120.20566758 
245.62391715 
150.39768379 
 94.46111520 
368.00114654 
176.64384937 
 53.05406737 
172.76366143 
171.40469065 
 63.03127179 
120.90103749 
193.29269050 
149.24372725 
150.92353179 
146.53501350 
138.70941243 
148.71724092 
118.49252062 
102.95014343 
216.33272552 
 72.98269226 
273.16768747 
138.59802455 
147.02503326 
111.49899496 
117.10080805 
208.45805887 
315.44314868 
389.49705628 
113.98195174 
 82.71925115 
119.65095171 
348.02841382 
323.32258967 
118.57871922 
 64.12732802 
165.20531060 
 88.58235251 
 71.49406106 
763.12419034 
 80.90923360 
181.89075096 
130.55522598 
234.00258361 
305.44911530 
106.58914949 
422.52825285 
520.49982834 
150.87189288 
285.43514927 
201.86832417 
100.38073272 
151.53594296 
102.47010310 
229.97127849 
 62.21621869 
 91.29884961 
230.11139014 
186.00250109 
275.23505138 
241.60928034 
167.47067832 
115.04362089 
153.83730852 
 90.73954834 
106.36123768 
100.72684142 
 72.99018223 
547.67695132 
322.10505732 
212.38569621 
 92.58149707 
157.00524338 
 66.71931726 
169.96480954 
108.54829760 
147.40221386 
389.53924777 
168.60076591 
255.74081715 
147.31241080 
142.14206366 
103.82946351 
162.64737000 
265.94583315 
201.66643677 
 70.06353735 
 81.77649984 
150.52026753 
172.77933398 
435.26551317 
 66.39474788 
 49.01767515 
251.25939348 
131.70094367 
194.03208946 
113.18174987 
190.71289398 
204.61791277 
 83.94096959 
175.91995706 
137.48028204 
157.77593550 
255.41708699 
294.63387693 
127.76251934 
 93.43015181 
 83.19371158 
121.24655231 
552.70403890 
122.61676951 
117.86761239 
149.33197850 
241.96482283 
101.10711636 
216.62675907 
341.06666395 
279.86719367 
260.79213330 
197.78652942 
297.04905583 
171.14317754 
217.78253960 
212.60321172 
168.59433221 
372.25085106 
 80.83273003 
111.00648529 
 91.79737186 
221.91321561 
112.52962315 
176.43338641 
298.01921485 
380.01091306 
124.75064150 
161.98398127 
205.91649455 
445.79923152 
417.22158824 
142.59877062 
130.96495631 
108.48989427 
199.64156403 
127.89866738 
171.04875693 
165.94926631 
369.22155279 
151.24383415 
126.74377539 
151.60136502 
113.55088592 
 92.83756801 
134.86160016 
193.07894781 
 95.19187445 
361.33832275 
239.85122752 
170.60292332 
366.48511171 
182.51163648 
145.05015675 
156.86819876 
188.96970938 
 69.87749761 
 87.97127654 
458.96611493 
228.30533165 
214.54181978 
128.53326071 
130.98081126 
248.21107609 
118.18667657 
142.70232185 
137.28578071 
226.24315257 
104.56405672 
281.32989287 
 95.47552813 
240.05059876 
185.82128446 
220.57125089 
392.41210279 
293.11627331 
110.78484815 
166.23032899 
461.54667136 
116.23417390 
109.83416100 
358.70925720 
335.66797403 
220.46701091 
227.82257411 
200.15663005 
 72.37465992 
167.95239302 
 58.15040235 
 85.35099726 
190.03346712 
264.47362858 
363.71524516 
 67.15008854 
 91.65921239 
 48.37734332 
127.90235490 
148.72404442 
156.80517305 
244.41754683 
704.57765949 
104.19593727 
160.00572831 
252.81874806 
 73.46210559 
134.31632639 
123.13304898 
266.71307652 
116.80320615 
330.86976303 
382.41252132 
 48.17531313 
 47.86903650 
175.00987264 
273.59103490 
175.44322613 
 54.72649468 
196.92788187 
 93.50319652 
150.45478497 
104.29665048 
115.70786497 
 63.03241367 
 90.50344548 
114.88709025 
 99.03994994 
162.21635272 
366.12477049 
192.66112782 
148.80553541 
161.16176022 
 80.31160763 
 55.10106349 
198.13298774 
126.59787831 
181.68943212 
418.12109610 
421.74681638 
282.37292722 
128.74964211 
158.84767625 
 33.18699789 
142.51233867 
329.35570137 
339.42024403 
127.09423569 
 79.93115773 
 88.03712359 
215.06948040 
671.95547015 
230.97245952 
396.42548751 
121.07627374 
 71.89059535 
 89.43653003 
637.75184630 
181.09051041 
322.60805239 
103.21699525 
382.48300658 
 59.98897410 
102.03930214 
 86.22576069 
 80.45144577 
 59.95125713 
243.60035144 
830.80515321 
180.24691330 
510.17493100 
195.36573101 
182.59174842 
117.16018885 
263.48963605 
277.37781253 
115.06838831 
275.85881549 
 69.65778038 
216.87816777 
108.11529263 
 75.26390149 
112.34905599 
295.71183671 
283.97435871 
 82.86830629 
481.94102677 
229.39693693 
101.25905974 
584.20718200 
145.71975133 
309.01621958 
107.33621845 
126.42374473 
129.37138816 
 97.41576504 
369.27302892 
467.21317077 
127.76845449 
527.88091130 
131.76848101 
208.45894323 
136.52361086 
348.75866545 
 80.96041140 
144.40551174 
 67.69034651 
153.34303627 
118.75910909 
320.82752450 
105.52181013 
187.99715870 
259.73664176 
116.21216279 
 80.42496689 
124.78118341 
120.91000474 
163.78996114 
112.12459271 
146.85864439 
190.96078310 
117.44111131 
176.17989218 
 99.07518397 
166.82429406 
121.13151360 
525.93901463 
223.12148384 
146.24204969 
108.60962560 
306.92543107 
 90.04433254 
 98.62661632 
274.78595865 
549.62603049 
112.41881763 
159.73535297 
107.27772987 
 89.33569577 
114.41045447 
 83.09453344 
172.36951970 
 90.35353223 
 56.64145742 
151.93490219 
330.73572993 
112.32191122 
118.58739657 
214.96250471 
157.14913393 
535.26228055 
263.27649846 
373.69990452 
113.20839972 
131.12059370 
183.38447870 
108.80701233 
376.46257505 
122.28997720 
 85.90367427 
128.44854185 
211.67107387 
226.42647868 
183.34585805 
521.07233739 
128.70445763 
168.69901439 
 93.30162643 
193.57280514 
464.92353506 
339.53650310 
207.06198187 
226.57928337 
320.10799495 
139.89480112 
283.95214544 
111.38018991 
 51.55726176 
190.07624462 
198.82231026 
 62.67527157 
124.39352066 
263.70811679 
316.91802771 
159.92923468 
127.62220415 
193.63103666 
 77.23007697 
107.05004838 
210.74006099 
 79.18018703 
152.08297566 
178.35826430 
119.68651118 
 79.23488948 
204.16995512 
 77.44619209 
120.21608541 
 81.33412445 
128.56425209 
151.72486428 
145.46606866 
674.26081022 
 91.01771354 
232.33379991 
 64.85383029 
115.30004464 
299.61284708 
273.52410817 
220.90000113 
106.74180928 
239.66923792 
341.11419459 
181.52984358 
265.10641240 
211.77530737 
219.96142453 
575.24089993 
168.34996299 
326.79059373 
150.25787037 
 81.15266376 
132.80474518 
193.92384041 
134.66990001 
229.47985323 
258.81220623 
 79.87705624 
197.78063801 
196.23781543 
100.96689006 
163.92312930 
133.52812147 
102.77173583 
102.08322477 
126.31939821 
158.06754142 
168.91312239 
150.66899329 
 77.52297426 
154.17461297 
112.66768613 
350.01682555 
461.37854653 
178.49049304 
111.02858883 
377.76800543 
112.71422121 
315.75061767 
452.98827005 
136.82019787 
167.01849299 
284.51354693 
141.27136535 
211.97244291 
162.61375687 
103.24452472 
208.07190469 
134.93794861 
113.97419098 
111.39851576 
150.94156382 
315.32273842 
119.56684986 
240.04556938 
137.70828030 
118.44555131 
150.44188307 
 81.58685742 
 58.62698701 
281.25581203 
209.41517307 
236.43484845 
157.11601809 
188.23470658 
457.83209143 
298.67304762 
210.35651543 
 66.49930715 
159.42074298 
148.81464994 
111.99705835 
118.92957108 
117.47890501 
475.74007870 
166.60542259 
136.13206830 
173.65894926 
174.89172166 
157.63820281 
148.69487031 
195.51743705 
469.64706917 
 53.27223530 
168.65185685 
191.95170953 
 66.36943448 
119.22405120 
119.01361691 
117.29302589 
109.92940080 
157.11914668 
217.40344419 
300.31922206 
194.43644212 
207.88615924 
558.51976990 
166.30064422 
381.41509297 
196.52234326 
162.36319019 
382.19907396 
 95.22924045 
127.74130522 
 72.33361094 
146.99839876 
106.27264610 
286.04369628 
334.96100195 
128.14514828 
254.90437712 
175.45028983 
233.61223047 
166.73549821 
 89.92650086 
211.65844187 
 50.41999945 
136.17927999 
272.41235142 
 73.03721459 
 67.93047503 
410.29020485 
222.26248615 
 97.28890118 
204.28203644 
125.81079076 
231.34384898 
 84.24452628 
115.91998252 
309.76881582 
518.37831688 
550.46680585 
246.82906047 
239.14217298 
153.43092656 
375.66539376 
311.60441506 
103.65311554 
286.92034559 
280.12409517 
139.66424798 
 72.74353057 
162.62327841 
129.06261533 
181.91462610 
142.15232642 
 60.30184455 
350.65519612 
 57.46805173 
219.84181594 
199.53620114 
210.45287777 
271.65880391 
134.31112519 
398.06464783 
 90.34346017 
195.19826649 
109.65999640 
541.97954531 
 90.12939594 
 96.11321157 
 62.42874303 
203.75940616 
153.70134472 
107.63070282 
377.57239017 
191.49256856 
149.39714260 
 99.64329219 
325.74981729 
159.25157000 
214.10256581 
580.93228551 
 43.21091651 
111.66119651 
563.07883188 
 97.06044604 
109.60303130 
243.30978564 
162.15295093 
179.00218551 
130.10933871 
197.73719770 
119.64567614 
 61.04025244 
132.96400197 
435.00960097 
222.95370107 
208.73634065 
204.30294274 
122.25613057 
256.28442392 
220.41963990 
231.88008452 
381.18425279 
317.30698975 
 83.67561974 
223.57527563 
785.64929787 
 84.08144945 
 78.76595031 
255.48368989 
207.86815080 
257.72190577 
 61.46131351 
606.34312356 
528.84204636 
104.44628149 
142.13044227 
147.25474511 
 86.34454059 
256.33680035 
210.15106635 
 51.14473120 
 79.10093566 
124.51890013 
305.66990266 
136.05778800 
317.71484867 
174.61749054 
211.71618017 
 51.30714093 
210.04030801 
 66.87717177 
214.14815227 
302.19615872 
173.74569978 
107.47613904 
108.22926200 
147.92748283 
114.49562700 
 36.51087616 
 41.95404599 
 74.37515197 
128.69206070 
318.11725008 
275.79644690 
161.53041958 
171.43355716 
 36.93625080 
109.94153710 
 42.95275715 
 71.16592483 
124.70070863 
111.22998751 
107.32323157 
139.29562087 
211.27501731 
199.50560482 
190.59993484 
 43.05433028 
132.07556594 
188.70314383 
157.43499474 
 93.10939751 
 90.29962099 
184.70121976 
257.12289935 
149.36397096 
223.63802341 
151.47690300 
 98.63722993 
 75.51514857 
 92.38701676 
122.49514999 
157.78002745 
361.83218424 
296.96498198 
300.33660060 
 85.82179486 
 50.23227724 
251.45232677 
266.80260588 
342.57141191 
 52.19256538 
129.56723471 
125.11279286 
535.51615791 
339.85992268 
263.34674090 
123.81265053 
137.19710332 
143.44189591 
 81.11382972 
279.60063252 
434.58351658 
249.87176195 
128.45654742 
227.93481953 
294.10254801 
 38.59402702 
113.64611887 
115.26478945 
122.85966433 
 60.79114965 
495.35453451 
 89.63536971 
148.60140931 
 97.12912189 
 62.86651253 
268.69945454 
204.59814237 
100.35378114 
292.97573158 
117.37436328 
133.73646849 
193.90415449 
275.46657482 
 60.83860761 
215.20267807 
 80.39777032 
 90.23231760 
223.41600759 
174.75691923 
143.85938202 
262.88559198 
177.27999080 
 77.90460465 
108.04722615 
 78.34890855 
186.87657025 
224.50101495 
264.65209146 
 86.48327958 
 92.11299360 
201.96547447 
695.90049299 
 86.24014073 
143.45221766 
276.79079920 
 43.72053165 
115.07615534 
193.90810402 
249.34901149 
 89.96752080 
118.36091208 
 50.24128331 
258.55488404 
 82.72584252 
 97.46874595 
 82.32551198 
287.20502148 
 62.73391101 
 98.07748473 
164.87626431 
119.82688585 
302.00085835 
504.11666277 
 32.85091923 
106.72463741 
 45.97999209 
269.89495133 
224.57866993 
115.00076853 
137.35498555 
122.02203242 
278.25813842 
266.20316900 
504.33493782 
 58.78596410 
310.39379188 
 40.92259416 
172.40443534 
 88.29259661 
551.26707992 
302.34049492 
418.95165277 
105.48875404 
 84.78952807 
105.50902483 
147.78215328 
 53.67112011 
209.18018862 
149.92770084 
 94.37199035 
 97.36985745 
252.74235659 
152.96093552 
 83.06019690 
393.08967087 
170.11068636 
128.82844164 
379.06078531 
162.03890458 
 78.98744016 
 70.23694643 
110.83258796 
314.46320037 
260.33616720 
118.77083718 
194.12119984 
123.74533443 
103.22397823 
188.44620529 
104.05201491 
114.30148612 
 88.06050939 
 70.67959385 
162.28568073 
717.41130330 
153.87352498 
 90.16989590 
244.24815952 
121.66209487 
148.59836974 
184.26837340 
164.46192276 
329.79447160 
 82.73647748 
163.12303424 
 85.51522657 
 91.91679766 
263.98506163 
289.93467871 
 74.00890516 
 50.54043296 
552.71863428 
362.86167663 
101.13054059 
 67.37007917 
136.36910309 
 94.50239432 
284.15872049 
210.93923591 
381.63852746 
354.84674138 
222.29660587 
124.87843856 
180.33238685 
227.04309472 
180.26020937 
163.76276745 
130.20632368 
426.07031245 
148.52178522 
 84.95436229 
152.97143463 
236.55403884 
133.99943398 
126.80155174 
453.89090382 
 74.04168228 
760.29757516 
