 54.52896552 
 31.73398752 
 78.79854183 
 64.97932399 
106.27633366 
 45.94850948 
 65.85079572 
 84.89311269 
 61.08628628 
 42.68467361 
 55.67694639 
 44.97325990 
 56.46898696 
 57.05145396 
 46.93579223 
127.68825602 
 45.98119178 
 35.64344126 
 38.71259799 
 60.81632976 
 58.04348239 
123.35733741 
 61.79703680 
 67.20803612 
 44.89541115 
 53.76698616 
 74.37180815 
103.91060256 
 40.14727617 
 60.66090355 
 49.98557067 
118.80735693 
 83.18025766 
 68.17502388 
 53.15618663 
 72.63554334 
 76.29706751 
 48.60330697 
 48.11467658 
 59.87985889 
 93.98065642 
 87.20412632 
 78.39858474 
 73.61926475 
 39.75524866 
 74.12946063 
 80.21410497 
 45.04832629 
 55.47919407 
102.07328218 
 87.21072875 
 80.52916501 
 76.21632028 
120.34776813 
 88.00571973 
 89.09046401 
 84.79403455 
 97.52809674 
 51.43868542 
 64.48661267 
 82.43232009 
 49.90014110 
 93.56507066 
107.48435553 
 48.80814541 
 55.85253831 
 63.65357826 
 90.75828580 
 77.15850230 
 45.98834989 
 68.00888673 
103.87341023 
 78.16342002 
 52.90283090 
 83.62200746 
 66.41842112 
 27.20459347 
 45.65679072 
 74.40665603 
 39.35348372 
 81.48536355 
126.51374459 
 52.18658201 
 43.19489276 
 66.35573888 
 42.41380396 
 61.44255830 
 56.25933929 
 49.31928464 
 52.52763291 
 51.74551139 
 58.32519305 
 80.02093639 
 28.70570289 
 54.25477832 
 99.18662912 
 66.87731018 
118.66017374 
 55.92659008 
 62.61158840 
135.62129752 
 76.28783438 
 49.32605777 
 57.17437087 
 62.77344429 
110.64695336 
119.43799088 
113.61672713 
 70.09090641 
109.57856074 
108.88418928 
 59.88140988 
 62.34013609 
 88.29434065 
 73.56135181 
 65.16323827 
 57.90096488 
114.86923890 
 57.24806705 
 73.90367189 
 52.51080586 
 58.92689250 
 62.52784857 
 59.61367279 
118.73225527 
 57.28293769 
 57.67627867 
 85.62822862 
 68.51590208 
 57.53885186 
 47.09502848 
 53.78175007 
 63.18461839 
 50.96765573 
 79.15895607 
 75.33106809 
 91.56770948 
 70.37067513 
 76.20855098 
104.24739205 
 83.91199506 
 59.20267913 
 71.27790444 
 78.07977775 
 65.83405977 
 59.48456575 
 76.94778214 
 39.56053827 
 57.73420542 
 48.65253329 
102.72369164 
 79.53743346 
135.28440771 
 72.22852263 
 73.82534335 
 56.78064517 
 87.31365677 
176.50066255 
 52.00420772 
 78.08168616 
 88.05904774 
 43.12787057 
118.06180478 
 58.43431664 
 60.44026305 
 82.71264641 
 90.76344459 
 49.46126987 
 89.53391300 
 77.00590489 
 81.14103575 
 97.89145699 
 64.86923441 
 56.70636075 
 79.98620106 
 51.15477396 
 39.93436397 
 41.83290925 
 63.52940075 
 95.91716378 
 52.19659956 
 38.91079060 
 60.71369107 
 70.54785212 
 50.57792943 
 39.01612980 
 67.47389926 
107.68542744 
 74.06117005 
 63.11271750 
133.22412835 
 61.76898474 
 96.11667726 
 76.07843708 
 66.89950715 
 68.26423852 
 57.62296189 
 49.64923039 
 56.56879415 
 69.97613714 
 49.02896659 
 78.07308816 
 44.11170124 
 53.21416045 
 68.07730957 
110.57356542 
 53.28740408 
 82.88505157 
 58.74689519 
 77.08851837 
143.48627628 
 86.85183526 
 77.71956857 
 87.85666240 
 97.99230531 
 60.99235410 
 55.45753211 
 60.40284455 
 50.10821637 
 32.16902274 
 51.53225653 
 56.92171271 
 32.20445012 
 48.36114475 
 59.20406348 
 52.28097107 
 69.60125480 
 84.43581781 
 56.44319135 
 61.34292143 
 35.11890761 
 63.16714487 
103.74661276 
102.98429997 
 53.33971980 
 56.43623107 
 97.62498638 
 58.87804375 
 33.98641768 
 44.96208463 
 82.36501604 
 50.91503667 
 45.67147657 
 42.35699821 
 71.07831071 
 49.86086175 
 80.85827287 
 98.26939887 
 66.60145302 
 79.69759492 
 67.83100390 
 57.38718181 
 85.27881705 
 80.52268665 
 93.19013216 
 65.21769094 
 85.87025643 
 68.64278110 
 57.91822655 
 87.60509456 
 62.70110178 
 58.82649605 
 57.14579377 
 68.70149733 
 63.41381926 
 60.92492600 
 66.88585287 
 49.47474210 
 47.88486773 
 77.52920177 
 62.35919787 
101.45450911 
 70.12697073 
 39.08684899 
 67.86977022 
 98.38329532 
 48.57681331 
 44.87184414 
 55.53664892 
 94.08514864 
141.02080770 
 65.19262389 
 59.48768080 
109.10461055 
 45.86068955 
 91.73413054 
 77.04443814 
 59.09020652 
 45.83603534 
 65.12441576 
 52.44178886 
 85.17206635 
 73.23695869 
 57.36733199 
 43.21730271 
 68.75393137 
 70.51493258 
 83.37904748 
 59.75768405 
 51.39060230 
 66.90106107 
 67.41858395 
 57.62031340 
 52.63257522 
 29.03383765 
 60.82857815 
 76.62130814 
 95.08407014 
 86.08584283 
 71.06268400 
103.45327180 
 53.85228472 
 80.23528571 
 33.07396665 
 98.96482444 
110.32842648 
 83.45892449 
 73.02616539 
 66.80833081 
 72.97633834 
 67.52769694 
 87.18604840 
 56.40019541 
 73.83744382 
 80.66641803 
 78.31429498 
 77.71210930 
131.78208247 
 84.60864636 
 88.94303503 
 62.52799908 
 73.95418571 
 52.85230473 
 60.53452262 
 80.79233589 
 76.79794832 
 85.93455792 
 44.04522619 
 86.36030398 
 82.67224773 
 57.16155979 
100.28080398 
 75.87773285 
 58.48415865 
 46.62668346 
 73.38780603 
 63.73848966 
 52.48056461 
 65.53962195 
 60.91284457 
 69.06297574 
 50.55037055 
 72.53802317 
 65.87414619 
 49.16899970 
 88.43356732 
 55.64249717 
 81.54896279 
 74.28618346 
116.79414146 
 45.52034251 
 38.01876522 
 44.30249345 
 64.03290910 
 57.60796774 
 61.67358820 
 83.52645941 
 95.17121577 
 69.26004754 
 48.00650274 
 39.94288191 
123.62459808 
 34.83733090 
 46.56615913 
 89.12732600 
 85.83256949 
 45.36328080 
 56.77252706 
 64.33499395 
 58.65215680 
106.32024459 
 94.14761816 
 47.70190494 
109.98057531 
 74.87382104 
 41.92823393 
 71.84325707 
 56.32544225 
 42.94709476 
 53.63002513 
 84.97266466 
 82.71286415 
108.70642890 
 56.33312215 
 38.98254052 
 74.36885603 
 49.02601045 
 54.20089009 
 58.64469916 
 70.54669273 
 73.12667053 
 51.40979324 
 66.33196517 
 91.18617769 
 59.17701614 
 66.39652939 
 84.19713154 
 96.50465873 
 81.83390652 
 73.44928484 
 55.30550080 
 51.89493704 
 47.65973645 
 65.22209427 
 21.27348818 
 76.41961336 
 75.73494385 
 53.57783370 
 51.99917807 
138.80539370 
 42.65211923 
131.39141983 
 81.62745151 
 49.57314218 
 93.08093712 
 88.45524115 
 56.30155470 
 53.39815196 
 71.44728426 
 59.14913403 
 56.46337825 
 74.22779260 
 62.56126996 
 92.85016837 
 65.48095857 
 35.79842308 
 66.15439903 
 75.73271920 
 48.56070343 
 65.05834234 
 88.78058969 
 75.44358305 
 62.19768594 
 48.53791092 
101.81917999 
 67.04611181 
 64.40737913 
 36.06000043 
101.39543062 
 96.66152775 
 62.70786823 
 52.00878043 
 59.88784600 
 61.90911161 
 64.60290755 
 65.14446115 
 98.39534712 
 52.79334744 
 77.18944592 
 39.62080423 
 49.40861832 
 72.40012871 
117.69626230 
 57.89955618 
 49.26908032 
 44.14022980 
 51.25084866 
 76.69504133 
 54.36799967 
 77.69764397 
 81.58567770 
 53.72856383 
 64.49512389 
 57.80714878 
 45.40907742 
 66.67240753 
 43.58668412 
 62.61586788 
 52.03424309 
 77.09956930 
 54.59988783 
 90.34299913 
 42.72106996 
 81.81338341 
 79.44019928 
 79.93108593 
 42.22837059 
 63.66418432 
 44.04141972 
 73.59280559 
101.16105777 
 56.82634643 
 70.52767835 
 87.32799819 
119.24655100 
 61.61358728 
 64.16566130 
104.23518827 
 71.44630684 
 60.85566142 
 67.65923094 
 81.29820673 
 76.33666898 
 76.48233380 
 72.93701738 
 89.66302079 
124.20375982 
 77.56352515 
 64.01104304 
 55.22709230 
 96.62750872 
 75.28496549 
 77.64434555 
120.96985386 
 37.12486535 
 97.04658659 
 61.65322417 
 53.32747368 
136.82034707 
 68.21041256 
 33.22334055 
 68.83513079 
 60.72000203 
 93.01562092 
 75.60977026 
 87.52664463 
121.20124054 
 69.45847898 
100.17073353 
102.56994947 
 82.03699800 
 78.81937305 
 45.29989932 
130.45222828 
 60.73779027 
 53.28589272 
106.73109286 
105.34793859 
 89.37163242 
 72.82725672 
 93.88395491 
 77.95158120 
 59.87907610 
 68.00764210 
 42.13650300 
 82.96364548 
 79.05062056 
 68.44659428 
 70.60142509 
 47.12177957 
 67.48839190 
 79.11137328 
123.50534936 
 45.73265812 
 65.81679398 
 84.19274382 
 69.14439441 
 38.40768200 
 73.20302970 
 73.60331317 
 43.34685800 
 73.41650077 
 80.03717044 
 79.62272147 
 28.92011622 
 59.09030716 
 77.63922898 
141.22314703 
 75.16265954 
 75.49565894 
155.39446272 
 43.44443510 
 63.64217166 
 55.04777912 
 53.11919751 
 73.57994928 
110.61816498 
 87.96084487 
 68.63411029 
 57.21302134 
 79.17582770 
 72.67158245 
117.45761400 
 95.47915713 
 86.54507863 
 60.26101482 
 54.79557067 
 93.16649375 
 98.38727508 
 61.79919870 
 44.39251637 
 79.66343770 
 69.17858130 
 96.66333296 
 74.59379588 
 67.50534699 
114.97780841 
 69.53954740 
 76.65240012 
 65.95494934 
 48.46135310 
 84.79347982 
 84.78031372 
 54.63516927 
 60.48920948 
104.75158876 
 86.22180683 
 57.16636144 
 49.12468310 
 49.13724738 
 81.76799970 
 72.14937085 
 51.24208149 
 59.50948615 
 37.32599906 
 94.63307414 
 48.84247245 
 76.33626219 
 51.36283484 
 86.52377757 
 67.90425435 
 70.30348601 
 67.90944377 
 57.73120756 
 56.89637826 
 70.36916044 
 88.73916663 
 39.25819755 
 91.76911794 
 63.05421752 
 73.29625950 
 49.85377580 
 71.88973402 
103.06512082 
 55.62976332 
 43.38479399 
 83.74966103 
 63.18985343 
 35.64886313 
 60.13283913 
 75.20690999 
 52.50891147 
 78.80858677 
 50.03142217 
 74.17604356 
 86.01921745 
159.03875844 
 72.23408673 
 60.44277608 
110.95959111 
101.95018038 
 64.95158506 
 85.15366024 
 80.59382449 
 39.26811425 
 89.80487279 
 60.67718715 
 63.11194153 
 50.24433647 
 64.78296640 
 33.68261195 
120.79650809 
 53.59769853 
 60.34360825 
 56.14660164 
 56.42301066 
 62.56781711 
 74.84177015 
 60.75222349 
 65.35112512 
159.53989688 
 86.18264086 
106.27755629 
 53.16489138 
 34.77805618 
 68.92229916 
 59.78305480 
 97.77495254 
 73.38610997 
 57.90772367 
 85.48596606 
 91.78483551 
 94.21927107 
 78.12273821 
 52.63845409 
 66.76356985 
 93.96922001 
 51.90972535 
 69.71338033 
 53.73042257 
116.96383154 
 91.24251307 
 51.26057859 
 53.48978725 
 68.80512077 
 79.86339140 
 49.66795497 
 75.24416992 
 87.14573651 
 62.06950962 
 27.83772154 
 52.94546627 
 46.66772006 
 84.34712421 
101.34747364 
 49.59424594 
 53.74390022 
 68.91836917 
 83.77928361 
 78.15877896 
 60.02577503 
 35.60887176 
 46.52894836 
 56.31454108 
 95.39161903 
 93.44498701 
 74.46856337 
 59.65293502 
 73.14263658 
 76.38973579 
 93.01444713 
 97.64740256 
 81.88808663 
 78.00635822 
119.98637308 
 66.63629209 
 70.17287189 
122.46701740 
 58.78289714 
 55.27791646 
109.92509551 
186.25279500 
 77.21250689 
 69.34435677 
 47.04028631 
 72.56322331 
 71.92312102 
 60.90571682 
101.37767701 
100.63012046 
 51.97966873 
103.62006532 
 54.10470802 
 59.97605784 
 66.65520559 
 46.21869160 
 65.91701086 
 82.07255330 
 64.54243510 
 56.74772465 
 48.21143725 
103.80463106 
 50.09078102 
 58.86103273 
 69.20473135 
 55.14898483 
 64.16879573 
 51.00666673 
 71.56355957 
 74.60927595 
 63.50761688 
 57.98538967 
 82.37218610 
 66.63442575 
106.71701716 
100.90797765 
 89.43691953 
 75.12226727 
124.52570430 
 83.99175152 
112.87469001 
 68.01532331 
 54.96048867 
 73.02684180 
101.56478416 
 58.89413469 
 45.70213779 
 47.82111637 
 99.44400680 
 68.16503539 
 87.93928574 
 95.34239707 
 66.14038765 
167.62583745 
 79.32069908 
 80.54937827 
 47.51643134 
 40.96135743 
 63.06576265 
 83.54722690 
 52.05035670 
 58.45742055 
 56.23321124 
 71.86553340 
 52.98210209 
 86.34372642 
 91.50672703 
 89.53923975 
 70.71368820 
 82.83196106 
 62.30036090 
 71.77127745 
 63.96751409 
 72.32303087 
 48.26773727 
 47.73552135 
 72.99471198 
130.68232702 
 58.17006976 
 47.76859278 
121.99188284 
 61.21901378 
 55.91247884 
 41.73167093 
 70.98931599 
 47.82243642 
 33.54401786 
 49.35141701 
 46.92118060 
 83.08817643 
 79.38115879 
114.99072277 
 61.77618542 
 73.20692170 
 82.26882515 
 56.56694398 
 59.02881805 
 64.79626469 
 41.85299267 
 58.57980061 
 77.66684243 
 68.57939874 
 66.35575717 
 74.89778767 
 56.19887436 
 69.60147616 
 62.73535396 
 55.78304028 
 86.82889016 
 91.15693556 
 78.36472927 
100.83832320 
100.71451726 
 76.97711689 
 55.70589189 
 36.84754220 
 70.18505805 
 43.96110414 
 59.22098577 
 92.32980254 
 54.99592021 
 62.71583588 
 63.15322920 
 89.65875648 
 68.64326030 
 82.28777590 
 82.05359416 
 93.00841015 
114.24876495 
 66.07194263 
 78.46853525 
 68.33387305 
 54.10726303 
 58.16609672 
 60.60709050 
 60.93699075 
 56.49572220 
 42.80441826 
 65.33778913 
 38.10990431 
 52.14947738 
 62.50713403 
 77.73321003 
106.09149966 
 67.33446246 
 95.56139373 
 92.96235595 
 44.73317003 
 56.19848730 
 72.16864110 
 47.92423765 
 37.93146171 
119.14531289 
116.43297955 
132.31100219 
 54.36257770 
 47.16936094 
 61.34040486 
 88.33368679 
 67.06436704 
 47.01057279 
 79.33891569 
 79.26516471 
 75.42704033 
 67.54339738 
 82.04668472 
 55.87448451 
 55.47938181 
 60.32175366 
125.10421976 
 55.88779856 
 52.61816264 
 50.60569110 
 49.88717226 
 56.71834611 
 56.44670095 
 56.68227981 
 73.85993083 
 50.67861856 
 73.60201486 
 95.88422675 
 54.40316229 
 38.17986707 
 60.56373700 
 51.25960256 
 89.52880143 
 70.49588093 
 64.06753273 
 78.28155252 
 70.79692287 
 73.35006238 
107.56537225 
 93.20251687 
 47.97236500 
 74.48524293 
 59.49861606 
 66.85048960 
 80.15775510 
 96.42150949 
 37.33999321 
132.76193783 
 40.15564216 
 49.93133558 
 86.26137846 
 77.99196505 
 65.46142494 
 38.90759395 
 83.21026485 
117.49178488 
 51.38031563 
 71.95850254 
118.66442787 
 63.34469080 
 64.54198319 
 60.84572354 
 59.85234166 
 67.41755249 
 67.53277610 
 45.53317067 
 45.16685831 
 73.32435983 
 43.51833170 
 88.77577897 
 75.73265277 
 55.79817303 
 64.92961395 
 48.88300085 
 97.31909175 
 80.03838054 
 50.42364922 
 75.98240181 
 57.39171676 
 84.03357252 
 83.40101800 
 73.67979239 
 56.89254661 
 33.59743730 
 70.53808277 
 60.10543012 
 76.25625088 
 46.98144328 
 70.24047231 
 92.87093472 
 64.56773592 
 70.32195905 
 83.55227052 
 71.36283136 
 53.95700276 
 58.10603346 
113.93479611 
 92.08114572 
 95.45659968 
 71.76852810 
 84.72441805 
104.82880969 
 49.52266317 
 77.82599158 
109.89535330 
 89.84675336 
 59.10426826 
 85.75223775 
 63.27367907 
 84.28822466 
 62.58535715 
 63.09325940 
 47.21092982 
 99.86328491 
 60.14185289 
 99.93296305 
 93.97117800 
