 40.57714090 
 37.25009039 
 37.76643769 
 54.93712004 
 43.78482493 
 22.57611618 
 48.29803293 
 37.67569622 
 46.30631406 
 43.80323623 
 28.24187263 
 46.06161344 
 42.65584968 
 44.67394657 
 56.31716870 
 45.71475434 
 45.40074496 
 44.87344853 
 47.94400628 
 37.79843531 
 58.75696242 
 61.40080471 
 64.35208225 
 38.21166065 
 52.76830483 
 48.99995307 
 40.73737910 
 45.52043664 
 37.70493331 
 42.11933073 
 46.56392662 
 58.64487874 
 49.36769646 
 41.61913091 
 44.66735900 
 47.18729903 
 39.31276737 
 32.67550003 
 38.81300503 
 57.03039009 
 46.50139678 
 33.96161937 
 47.94563696 
 36.06765700 
 38.53121562 
 38.48791368 
 60.69636672 
 46.04096488 
 56.81799812 
 34.61855088 
 36.34856638 
 44.78285543 
 54.43488198 
 32.93671257 
 37.52920054 
 39.26194302 
 54.07573159 
 34.34332572 
 62.64109245 
 46.64152031 
 32.74206189 
 48.91091897 
 40.42653776 
 57.91692754 
 48.19617547 
 43.21115372 
 31.52348453 
 35.03611547 
 39.33680707 
 51.69835218 
 34.80951100 
 67.36590469 
 44.02337682 
 50.09147055 
 50.88479489 
 43.29129674 
 45.07786644 
 46.27156330 
 46.89727308 
 49.28809492 
 43.39849036 
 36.49444069 
 33.70318989 
 63.94777375 
 47.48908977 
 39.76326029 
 53.70824661 
 65.75291149 
 40.65824036 
 46.46748974 
 33.46995837 
 41.49800854 
 33.79149542 
 50.48164198 
 49.56888711 
 34.55106839 
 35.22602558 
 36.26178954 
 36.94351663 
 47.08500325 
 34.49569885 
 45.26241701 
 34.31518317 
 43.46289517 
 56.47739096 
 59.98241558 
 31.19210805 
 40.91754159 
 37.06121488 
 36.66160797 
 45.02674604 
 47.20551090 
 28.69744713 
 43.53000864 
 54.57164964 
 41.62225475 
 49.08059855 
 45.30584897 
 39.28217550 
 59.45243597 
 48.42324015 
 38.80650527 
 32.20307830 
 55.83717450 
 45.18197964 
 49.86146254 
 42.69186186 
 60.96837321 
 58.63659565 
 48.14562512 
 30.87080022 
 26.74662011 
 36.66824729 
 44.18723551 
 52.15211851 
 39.67630785 
 43.94478084 
 62.38180932 
 34.13967123 
 55.83196050 
 44.23795879 
 37.03320188 
 51.56407351 
 48.88928623 
 51.07331518 
 51.77404856 
 33.03769793 
 33.71572859 
 37.81168404 
 36.99936506 
 41.88791420 
 44.50165183 
 35.40456032 
 54.24460978 
 45.72232364 
 50.51622277 
 52.14298420 
 46.02164206 
 48.49737465 
 39.11103938 
 41.42065054 
 40.65961450 
 46.98073950 
 48.77582822 
 37.97343127 
 59.38461218 
 54.53290218 
 48.78835197 
 36.84142834 
 44.41196556 
 49.94989907 
 34.55745139 
 40.54842341 
 23.49051982 
 37.00278564 
 38.70044667 
 41.31986389 
 50.83249349 
 34.70230289 
 31.75536968 
 60.88676993 
 41.50001512 
 30.02312884 
 52.05854746 
 52.37232860 
 44.02418858 
 52.72321601 
 35.64728123 
 45.40940735 
 49.63993250 
 37.18481835 
 38.71660071 
 49.56375206 
 53.27856832 
 40.77739343 
 57.64637422 
 50.74553378 
 33.44534868 
 35.43954951 
 39.15656496 
 37.89372368 
 29.25990815 
 41.89796954 
 26.96596367 
 42.36252319 
 42.45044352 
 62.69751203 
 82.83009162 
 41.39027010 
 21.64517876 
 25.85738808 
 36.46558216 
 43.30402398 
 42.50433124 
 62.05747829 
 36.64384962 
 49.76850043 
 49.50937712 
 57.37234627 
 42.40313447 
 43.87785012 
 47.82014788 
 39.84120613 
 34.09879129 
 29.86285717 
 49.79118534 
 41.61693511 
 41.97926829 
 52.62894047 
 42.79536020 
 47.31603003 
 47.79554211 
 45.60832013 
 36.74101794 
 51.50606423 
 54.15476981 
 50.87047622 
 37.85406936 
 49.03823692 
 56.57181428 
 51.59904360 
 36.61448317 
 37.83932085 
 55.52965954 
 46.77117651 
 37.03229159 
 74.08271334 
 43.27250178 
 55.68029773 
 39.83395980 
 43.75851420 
 43.00053791 
 24.21253222 
 49.63392348 
 31.39771805 
 38.78849008 
 39.22694522 
 32.15655639 
 56.64238071 
 46.09890425 
 43.58991158 
 49.08827249 
 48.63589322 
 37.12554313 
 49.27223154 
 33.99813882 
 41.75560386 
 52.60824766 
 45.89344914 
 58.83996913 
 51.38883550 
 50.42264280 
 41.91420799 
 53.15277647 
 55.36327019 
 28.24091467 
 66.82446621 
 58.07329118 
 50.13238474 
 54.61821805 
 50.70579212 
 43.28135740 
 32.05473479 
 65.39664021 
 43.80285746 
 51.01411282 
 34.02049539 
 28.60300383 
 32.47699365 
 46.39232364 
 43.74957553 
 44.40440736 
 44.38453106 
 38.60441367 
 39.93190404 
 41.11402627 
 34.76246710 
 42.11694989 
 29.37042302 
 44.59902759 
 34.51178915 
 56.45250840 
 33.60521657 
 24.19560253 
 40.07341281 
 50.55234479 
 53.58466000 
 36.86691143 
 44.31398724 
 49.04514362 
 44.95762729 
 43.82581572 
 45.17060291 
 52.66324144 
 49.08722039 
 45.93579064 
 44.20605524 
 47.58862850 
 48.03350718 
 32.69968196 
 50.78159379 
 68.34241815 
 42.75456189 
 45.19504498 
 44.21404671 
 57.83137314 
 36.59026984 
 39.56783884 
 33.79651982 
 39.43517720 
 39.39371765 
 56.49858180 
 39.77268592 
 40.37050180 
 42.08186437 
 50.08112896 
 38.60087362 
 44.05160942 
 58.80423952 
 35.25815518 
 43.97404642 
 33.11369447 
 42.27184371 
 46.90489153 
 28.78824372 
 46.26979509 
 40.30139750 
 46.66377215 
 53.00959672 
 41.75740920 
 47.22001560 
 58.30228267 
 42.14965306 
 68.27775459 
 35.24884968 
 43.70307130 
 60.22215793 
 43.82552932 
 58.80319944 
 50.76451417 
 45.41906844 
 51.19540221 
 34.41490592 
 44.11639056 
 44.67355872 
 50.47429067 
 40.39057547 
 55.86756053 
 52.60727852 
 44.18931758 
 26.82941070 
 26.41658853 
 49.88788457 
 37.88398076 
 42.52668301 
 50.47092943 
 40.60636394 
 46.61245997 
 42.39798859 
 40.60568651 
 42.21338824 
 39.22044098 
 52.08552513 
 50.84108467 
 46.12290004 
 40.03692877 
 44.81271189 
 60.86091988 
 44.56747086 
 56.11955197 
 52.47440333 
 62.63330734 
 30.20787728 
 52.01986366 
 57.70848704 
 27.92047848 
 59.23294341 
 42.46929855 
 36.57538840 
 39.34517826 
 47.72446549 
 56.20634125 
 33.01165387 
 45.75773435 
 28.00597969 
 53.65441146 
 55.54000559 
 44.48059023 
 66.58330782 
 45.00255137 
 64.33225096 
 52.93722365 
 52.89161547 
 40.28280831 
 39.03630445 
 45.19055555 
 48.35370658 
 49.67720204 
 34.51674473 
 51.59525814 
 41.80874240 
 30.53569733 
 54.19056956 
 48.55521882 
 58.99002199 
 54.53959301 
 41.80487323 
 54.13796727 
 32.60909664 
 52.13753022 
 36.72612992 
 47.28799138 
 45.11483767 
 28.27913497 
 52.63268599 
 42.90676960 
 49.86430793 
 35.58912188 
 38.84526977 
 46.15449466 
 54.75826811 
 49.09529175 
 59.29070186 
 49.02283617 
 42.08955414 
 29.05529031 
 62.26718903 
 48.13332515 
 44.30382536 
 44.46524253 
 46.80535477 
 50.96940635 
 44.69776524 
 53.71962126 
 41.91021112 
 34.26571586 
 39.96276205 
 43.58427178 
 51.01496063 
 25.61242888 
 47.09901542 
 37.36952288 
 48.56799661 
 35.01051550 
 38.68729929 
 50.81929667 
 44.86885483 
 42.14415300 
 51.74164744 
 53.38811271 
 49.11434272 
 53.90534136 
 44.19583132 
 41.55816350 
 52.91184164 
 32.64775258 
 66.20428622 
 30.44072894 
 53.54646599 
 42.56550934 
 46.58577198 
 53.70309566 
 48.68171580 
 31.64267552 
 49.61157049 
 60.45002004 
 40.15906675 
 34.92736982 
 49.31149290 
 58.71553288 
 46.94235315 
 51.93661468 
 27.93395426 
 69.54406795 
 40.39421538 
 42.56306533 
 42.18252243 
 56.07083836 
 51.05703310 
 46.61696530 
 39.78012293 
 40.01311479 
 53.18758878 
 47.94745032 
 42.51981436 
 41.26309845 
 45.58590823 
 46.81278986 
 45.86317660 
 48.15230357 
 36.15953492 
 54.72118799 
 30.48591028 
 52.20511723 
 61.85086461 
 34.63857415 
 44.83482734 
 38.28628759 
 51.35808879 
 31.16265931 
 34.29291777 
 35.08552167 
 67.66005722 
 47.07704920 
 37.50820356 
 32.47935439 
 46.75986700 
 52.61677377 
 42.50212089 
 45.04031806 
 54.94956262 
 48.45917820 
 42.91275682 
 58.45332668 
 32.91464035 
 47.30955134 
 34.64541121 
 47.91362003 
 35.14177739 
 45.22929473 
 42.76088775 
 54.51295452 
 30.89516171 
 33.11058093 
 50.67212886 
 51.48621934 
 66.67135069 
 42.85831263 
 27.02188335 
 55.49682647 
 32.71257230 
 39.58111549 
 51.50794301 
 35.23796630 
 46.43205200 
 48.15022523 
 36.87500488 
 47.44608412 
 44.64527190 
 37.34540242 
 53.44706769 
 46.63975538 
 48.70733887 
 42.03163001 
 38.97449914 
 26.76805639 
 51.35375261 
 48.73712610 
 55.72913255 
 48.43574311 
 41.12474565 
 31.16133556 
 44.51647382 
 54.36279959 
 50.06575878 
 37.41363851 
 38.59377052 
 47.27180290 
 43.53016127 
 47.91284350 
 39.61691145 
 39.45553230 
 32.36673907 
 40.31846543 
 40.14623961 
 43.18221197 
 30.70201436 
 44.49881553 
 48.58680362 
 47.91897177 
 30.19775223 
 53.47487892 
 49.99957410 
 60.83756532 
 38.47700960 
 39.94940127 
 47.18340099 
 45.89842466 
 43.40004029 
 45.92456202 
 36.26512959 
 48.98177108 
 37.25571019 
 43.69467701 
 57.46803058 
 29.51003971 
 44.77478907 
 36.01803532 
 47.94308331 
 42.96623500 
 28.48018298 
 47.28364735 
 45.44484373 
 72.24008445 
 49.60471624 
 38.90208756 
 59.14697944 
 48.70900040 
 42.25794194 
 45.22942738 
 37.84168435 
 43.53863940 
 42.72876047 
 33.93942054 
 43.09511009 
 51.03133487 
 48.55525998 
 41.30572423 
 39.92877796 
 34.93809505 
 37.76354570 
 31.47428498 
 40.28136420 
 28.89141758 
 37.81943907 
 46.69326942 
 60.02236205 
 33.80249212 
 43.52847296 
 47.52138223 
 37.50461563 
 36.97502284 
 49.29278502 
 44.89951430 
 40.89113596 
 52.21202683 
 36.69872654 
 49.96242822 
 52.55528926 
 51.01197234 
 54.38660159 
 40.20820133 
 40.23254775 
 46.49203085 
 34.09863402 
 43.91561133 
 37.60985357 
 37.92841745 
 48.49585554 
 48.64893331 
 48.92236596 
 31.98794777 
 42.59407264 
 43.16317892 
 39.93777433 
 52.73442141 
 38.75207283 
 47.93454704 
 42.64547040 
 56.32400072 
 35.50188374 
 32.40392352 
 42.67489559 
 47.42886554 
 30.40374688 
 47.13020989 
 34.41397151 
 46.11558820 
 62.47539559 
 35.81533999 
 33.61766744 
 54.72740829 
 48.86467721 
 66.18194772 
 39.59831280 
 42.73734443 
 45.76899859 
 31.99150254 
 38.69638467 
 59.52252172 
 44.01552499 
 37.88635381 
 39.81979935 
 45.81771790 
 52.07985493 
 53.66569125 
 30.32782429 
 38.21761082 
 41.96438975 
 57.21724008 
 53.35673565 
 63.31027462 
 32.32573109 
 40.62047875 
 43.68592134 
 56.20863220 
 42.37801897 
 42.37806836 
 37.61650539 
 47.01256037 
 53.29994356 
 38.98608228 
 43.72253116 
 33.64629017 
 44.94444488 
 35.46877559 
 41.84266388 
 44.28334168 
 53.38436753 
 48.79762139 
 35.49572746 
 47.24131086 
 50.95785226 
 34.22211787 
 52.92120365 
 49.62299879 
 49.88057105 
 43.74670164 
 32.15210872 
 45.04280269 
 40.10203756 
 54.00169228 
 44.21757469 
 32.04764173 
 45.94711257 
 50.81110913 
 56.23055252 
 49.53603983 
 54.70495810 
 32.63154422 
 28.11106364 
 53.70495002 
 61.69061860 
 42.16748109 
 39.21864900 
 36.35262613 
 57.98367769 
 44.17218756 
 44.77112514 
 43.77710436 
 51.39650422 
 43.52296157 
 36.48373327 
 45.28860958 
 41.46959171 
 42.97372601 
 43.67495073 
 47.15087484 
 38.81311586 
 46.10064415 
 25.41446058 
 46.39187375 
 35.45994504 
 34.15084583 
 39.58719909 
 36.19554276 
 41.75449977 
 38.19072516 
 46.05801070 
 48.90839571 
 37.04386802 
 68.76583350 
 59.58013743 
 39.59352468 
 47.82462780 
 41.28251519 
 48.90212362 
 41.62917822 
 53.15211107 
 45.97587113 
 42.68357294 
 43.82802467 
 43.08562677 
 42.48361228 
 52.30222444 
 25.73663365 
 55.80608565 
 63.04384589 
 45.24319709 
 37.74062706 
 33.43808886 
 54.58437914 
 59.39051176 
 59.32501327 
 36.99830710 
 43.29964458 
 43.22946436 
 60.22050872 
 35.89068566 
 51.40816806 
 57.07790525 
 60.13325336 
 37.02086046 
 50.29518058 
 52.73618507 
 36.58068739 
 52.97240913 
 25.97387223 
 38.93204124 
 42.54410195 
 49.65912986 
 51.71336390 
 44.74408097 
 31.53862150 
 42.75434663 
 44.02124138 
 56.05112980 
 27.05537129 
 39.07097248 
 29.03577086 
 63.14214944 
 43.23891705 
 43.72815532 
 36.89580590 
 35.94664891 
 44.34032832 
 33.71622580 
 49.89482368 
 42.87243728 
 58.57942298 
 38.42508570 
 49.81743246 
 47.58061360 
 41.58068278 
 47.19203585 
 41.93322728 
 38.46000171 
 32.42169435 
 62.65181530 
 41.69765586 
 47.66495462 
 52.42704310 
 39.60261943 
 41.41765385 
 46.99288583 
 55.97285870 
 46.12936485 
 52.35587823 
 61.46810444 
 47.36811607 
 46.00142666 
 46.74136064 
 51.37555178 
 40.08913694 
 44.61123858 
 53.24817161 
 64.53874895 
 52.15096883 
 55.05338211 
 31.93751208 
 27.15972617 
 38.75919190 
 54.16584778 
 39.69036106 
 42.77070234 
 61.36496071 
 40.90634726 
 44.10141033 
 56.80148936 
 34.46555135 
 59.65159796 
 47.22162564 
 42.90065234 
 33.33417223 
 33.34324984 
 43.89833882 
 38.91026664 
 52.58302997 
 50.41475518 
 36.86372096 
 52.79562165 
 40.98061095 
 45.18197960 
 48.19730477 
 41.36283985 
 48.79478376 
 37.76898923 
 36.91689851 
 37.14238479 
 26.14292719 
 66.33310254 
 65.17126629 
 48.82783319 
 52.38320759 
 44.57031362 
 54.37332214 
 39.10887584 
 42.57728403 
 39.80513217 
 41.30054633 
 39.58096271 
 65.62500020 
 34.02324529 
 53.01915665 
 33.32785366 
 43.17020838 
 33.81309625 
 53.27486105 
 53.84020494 
 29.10506811 
 46.50017463 
 34.97986075 
 46.70974107 
 49.11805484 
 35.08724724 
 43.82498295 
 34.07730127 
 43.39632210 
 26.82478263 
 30.92372581 
 31.42181771 
 37.97795827 
 49.97327073 
 44.84090470 
 45.57197652 
 39.66206944 
 67.73020779 
 42.29378302 
 45.82904242 
 41.01722872 
 43.75884785 
 49.90975702 
 26.95225210 
 54.71251360 
 49.28162539 
 38.96414780 
 57.67294762 
 50.30456301 
 40.36773043 
 37.42805573 
 44.75243529 
 38.38555549 
 51.95073497 
 40.15495919 
 63.38717272 
 34.22897803 
 65.99151831 
 58.32701905 
 29.77199771 
 40.17898367 
 35.06213578 
 52.89308352 
 47.78375344 
 39.88502541 
 25.80863988 
 45.87386116 
 45.10276580 
 36.24916444 
 42.73108577 
 38.37086877 
 44.53692049 
 54.60785282 
 43.52598831 
 51.10169628 
 60.97351560 
 45.75589918 
 49.42041735 
 51.91238928 
 47.61987263 
 41.90454931 
 48.87255187 
 36.69104097 
 54.42100295 
 53.09418179 
 43.33909122 
 41.40683348 
 59.22705819 
 40.42383587 
 39.42101710 
 46.95218515 
 42.98706517 
 40.71498127 
 31.02038235 
 36.40855963 
 46.58053400 
 32.58210611 
 38.68910249 
 67.21765564 
 34.34311556 
 50.38041536 
 43.21023494 
 64.76800664 
 39.12710995 
 39.02351024 
 40.17983480 
 48.10424072 
 41.01651389 
 31.81167912 
 40.56821722 
 42.60022213 
